1	2	13	9	11	14	8	0	0	0	0	0	0	0	7	0	12	17	16	18		0	0	0 0
1	0	0	0	0	0	0	0	0	0	0	0	0	0	0	0	1	0	0	0		0	0	0 0
-1	2	-1	-1	-1	-1	-1	-1	-1	-1	-1	-1	-1	-1	3	-1	15	-1	-1	-1		-1	-1	-1 0
4	3	4	0	0	0	0	0	0	0	0	0	0	0	0	0	0	0	0	0		0	0	0 0
-1	-1	-1	-1	-1	5	-1	-1	-1	-1	-1	-1	-1	-1	-1	5	-1	-1	-1	-1		-1	-1	-1 0
-1	6	-1	-1	-1	-1	-1	-1	-1	-1	-1	-1	-1	-1	-1	-1	-1	-1	-1	-1		-1	-1	-1 0
0	6	0	0	0	0	0	0	0	0	0	0	0	0	0	0	0	0	0	0		0	0	0 0
-1	3	-1	-1	-1	-1	-1	-1	-1	-1	-1	-1	-1	-1	-1	-1	-1	-1	-1	-1		-1	-1	-1 0
0	0	0	0	0	0	0	0	0	0	0	0	0	0	0	0	0	0	0	0		0	0	0 0
0	0	0	10	0	0	0	0	0	0	0	0	0	0	0	0	0	0	0	0		0	0	0 0
10	10	10	-1	10	10	10	10	10	10	10	10	10	10	10	10	10	10	10	10		10	10	0 10
11	11	11	11	0	11	11	11	11	11	11	11	11	0	11	11	11	11	11	11		11	11	11 11
0    12    12    0    0    0    0    0    0    0    0    0    0    0    0    0    12    0    0    0        0    0    0 0

0    13    13    0    0    0    0    0    0    0    0    0    0    0    0    0    13    0    0    0        0    0    0 0

0    0    0    0    0    -1    0    0    0    0    0    0    0    0    0    0    0    0    0    0        0    0    0 0

-1    -1    0    -1    -1    -1    -1    -1    -1    -1    -1    -1    -1    -1    -1    -1    -1    -1    -1    -1   -1    -1    -1 0 

0    0    0    0    0    0    0    0    0    0    0    0    0    0    0    0    0    0    -1    0      0    0    0	0

0    0    0    0    0    0    0    0    0    0    0    0    0    0    0    0    0    -1    0    0       0    0    0 0

0    0    0    0    0    0    0    0    0    0    0    0    0    0    0    0    0    0    0   0      0    0    0 0 